Day	Precipitation (in mm)	Average temperature (in F)
1	0	37.22
2	0	39.56
3	0	52.34
4	0	45.14
5	0	42.98
6	0	38.84
7	0	41
8	1.3	47.3
9	0	50.18
10	0	60.44
11	0	38.66
12	6.4	46.4
13	2.8	44.6
14	12.7	48.2
15	0	44.06
16	0	42.26
17	0	43.16
18	0	55.4
19	0	37.76
20	0	38.12
21	0	41.18
22	0	34.16
23	0	35.42
24	1.3	43.34
25	0	39.92
26	3	46.58
27	4.8	35.24
28	0	44.96
29	0	41.18
30	0	54.32
31	0	42.8
32	0	45.84
33	0	49.98
34	0	46.56
35	0	46.74
36	0	44.76
37	0	44.94
38	0	42.42
39	14.5	45.66
40	0	43.5
41	0	42.24
42	0	41.34
43	0	42.24
44	0	47.1
45	0	50.16
46	1.3	44.58
47	3.3	54.3
48	0	41.34
49	0	47.28
50	0	45.3
51	6.1	42.6
52	0	50.34
53	0	49.98
54	0.3	41.34
55	0	45.3
56	0	49.98
57	0	49.26
58	0	46.74
59	0	40.62
60	0	56.34
61	10.2	53.64
62	0	51.3
63	3.6	51.48
64	0	51.48
65	0	49.32
66	0	47.16
67	0.5	54.54
68	0	49.86
69	0	52.74
70	0.8	49.68
71	7.6	47.16
72	0	56.52
73	0	46.8
74	1	52.38
75	0	50.22
76	0.6	49.68
77	0	56.16
78	0	52.92
79	0	54.36
80	0	57.6
81	0	59.04
82	0	48.42
83	0	46.98
84	0	47.7
85	0	54.36
86	0	48.42
87	0	48.6
88	0	49.86
89	0.5	55.08
90	0	47.34
91	0	56.4
92	0	57.12
93	14.2	52.08
94	0	53.34
95	0	54.06
96	0	51.72
97	0.3	52.8
98	7.4	55.32
99	6.1	55.68
100	0	54.24
101	0	55.32
102	0	55.68
103	52.3	52.8
104	0	57.84
105	1.3	57.3
106	0	58.92
107	0	60.36
108	0	53.16
109	0	53.16
110	0	52.26
111	0	55.68
112	1.5	55.68
113	0	54.78
114	0	53.52
115	0	58.92
116	0	58.38
117	3.8	52.44
118	13.7	52.44
119	0	60.72
120	0	56.76
121	0	61.86
122	0	62.58
123	0	63.84
124	0	57.36
125	0	61.14
126	0	67.44
127	0.5	61.5
128	0	66.72
129	0	58.62
130	0	61.32
131	2.8	65.28
132	0	58.62
133	0	58.98
134	0	57.9
135	0	63.66
136	0	61.68
137	0	69.6
138	6.4	62.58
139	0	69.06
140	0	61.5
141	0	58.26
142	0	69.06
143	0	61.68
144	0	62.94
145	0	60.06
146	0	62.58
147	0	60.42
148	0	62.58
149	0	64.02
150	0	68.88
151	0	61.14
152	0	70.38
153	0	67.14
154	0	68.04
155	0	70.74
156	0	73.08
157	0	67.68
158	0	74.52
159	0	65.88
160	0	69.84
161	0	71.82
162	0	66.78
163	0	72.18
164	5.1	71.82
165	0	66.06
166	0	67.32
167	0	70.02
168	0	70.38
169	0	69.66
170	0	71.64
171	0	73.98
172	0	67.32
173	0	70.2
174	0	67.68
175	0	71.64
176	0	69.3
177	0	67.68
178	0	76.32
179	0	72.36
180	0	69.3
181	0	72.36
182	0	82.68
183	0	81.6
184	0	81.24
185	0	80.34
186	0	73.5
187	0	74.04
188	0	82.14
189	0.3	73.86
190	0	81.06
191	0	76.38
192	0	77.1
193	0	79.44
194	0	79.8
195	0	77.64
196	0	79.26
197	0	81.42
198	8.6	81.78
199	0	80.88
200	0	82.86
201	0	74.76
202	0	74.4
203	0	75.66
204	0	71.16
205	0	80.7
206	0	78.18
207	0	78.36
208	0	76.02
209	0	78
210	0	75.3
211	0	80.88
212	0	65.42
213	0	74.78
214	0	65.42
215	0	65.06
216	0	67.04
217	0	72.44
218	0	73.88
219	0	74.24
220	0	66.86
221	0	67.4
222	2.8	72.08
223	0	67.04
224	0	72.98
225	0	72.26
226	3.8	70.1
227	0	70.82
228	0	72.8
229	0	73.7
230	0	71
231	0	66.86
232	0	68.84
233	0	69.38
234	0	72.62
235	0	67.94
236	29.2	72.08
237	0	73.16
238	0	67.58
239	0	71.72
240	0	66.86
241	0	63.08
242	0	70.82
243	0	59.5
244	0	59.86
245	0.5	60.4
246	0	62.38
247	0	59.5
248	0	65.26
249	0	57.88
250	0	58.06
251	0	62.56
252	0	62.56
253	0	60.04
254	0	65.62
255	1	56.62
256	0	59.68
257	0	56.44
258	0	66.34
259	0	60.22
260	0	62.56
261	0	61.12
262	0	58.06
263	0	55.9
264	0	57.52
265	0	60.22
266	0	57.34
267	0	57.34
268	0	57.52
269	0	63.28
270	0	63.1
271	0	66.52
272	0	57.7
273	25.1	56.8
274	0	59.68
275	26.7	61.12
276	0	53.6
277	0	54.14
278	0	58.28
279	0	58.1
280	0	58.1
281	4.3	51.44
282	0	54.5
283	2	54.86
284	0	54.86
285	0	56.3
286	0	58.28
287	0	52.88
288	0	53.06
289	0	58.82
290	2.8	60.44
291	0	55.04
292	0	54.68
293	0	54.68
294	0	51.08
295	0	52.34
296	0	53.96
297	0	59.36
298	0	59
299	0	57.02
300	0	52.34
301	18.5	59.9
302	0	59.54
303	1.5	60.08
304	3.8	54.14
305	0	57.56
306	0	53.24
307	0	46.34
308	0	49.76
309	0	52.64
310	0	49.4
311	0	48.5
312	0	46.34
313	0	46.52
314	0	47.96
315	0.8	52.82
316	0	50.3
317	0	52.64
318	0	46.88
319	0	53.72
320	0	49.04
321	5.6	45.98
322	0	51.92
323	0	53
324	0	48.86
325	6.1	50.48
326	5.1	47.6
327	0	45.98
328	0	46.7
329	0	45.08
330	0	50.3
331	0	50.48
332	7.1	45.98
333	0	45.44
334	0	51.2
335	0	50.66
336	0	42.4
337	0	49.24
338	0	41.86
339	0	39.34
340	0	43.84
341	0	46
342	0	41.32
343	0	59.14
344	0	40.06
345	0	42.94
346	0	41.14
347	0	50.14
348	0	42.76
349	3	39.34
350	0	47.26
351	0	59.14
352	0	42.94
353	3.6	42.94
354	0	44.2
355	0	55.36
356	2.3	41.5
357	0	41.32
358	0	40.06
359	2	55.72
360	0	38.98
361	0	54.46
362	0.8	48.7
363	0	47.08
364	0.3	49.06
365	0	40.06
