Day	Score
1	1.444
2	1.912
3	4.468
4	3.028
5	2.596
6	1.768
7	2.2
8	3.72
9	4.036
10	6.088
11	1.732
12	4.56
13	3.48
14	6.18
15	2.812
16	2.452
17	2.632
18	5.08
19	1.552
20	1.624
21	2.236
22	0.832
23	1.084
24	2.928
25	1.984
26	3.916
27	2.008
28	2.992
29	2.236
30	4.864
31	2.56
32	3.168
33	3.996
34	3.312
35	3.348
36	2.952
37	2.988
38	2.484
39	6.032
40	2.7
41	2.448
42	2.268
43	2.448
44	3.42
45	4.032
46	3.176
47	5.52
48	2.268
49	3.456
50	3.06
51	3.74
52	4.068
53	3.996
54	2.328
55	3.06
56	3.996
57	3.852
58	3.348
59	2.124
60	5.268
61	6.768
62	4.26
63	5.016
64	4.296
65	3.864
66	3.432
67	5.008
68	3.972
69	4.548
70	4.096
71	4.952
72	5.304
73	3.36
74	4.676
75	4.044
76	4.056
77	5.232
78	4.584
79	4.872
80	5.52
81	5.808
82	3.684
83	3.396
84	3.54
85	4.872
86	3.684
87	3.72
88	3.972
89	5.116
90	3.468
91	5.28
92	5.424
93	7.256
94	4.668
95	4.812
96	4.344
97	4.62
98	6.544
99	6.356
100	4.848
101	5.064
102	5.136
103	15.02
104	5.568
105	5.72
106	5.784
107	6.072
108	4.632
109	4.632
110	4.452
111	5.136
112	5.436
113	4.956
114	4.704
115	5.784
116	5.676
117	5.248
118	7.228
119	6.144
120	5.352
121	6.372
122	6.516
123	6.768
124	5.472
125	6.228
126	7.488
127	6.4
128	7.344
129	5.724
130	6.264
131	7.616
132	5.724
133	5.796
134	5.58
135	6.732
136	6.336
137	7.92
138	7.796
139	7.812
140	6.3
141	5.652
142	7.812
143	6.336
144	6.588
145	6.012
146	6.516
147	6.084
148	6.516
149	6.804
150	7.776
151	6.228
152	8.076
153	7.428
154	7.608
155	8.148
156	8.616
157	7.536
158	8.904
159	7.176
160	7.968
161	8.364
162	7.356
163	8.436
164	9.384
165	7.212
166	7.464
167	8.004
168	8.076
169	7.932
170	8.328
171	8.796
172	7.464
173	8.04
174	7.536
175	8.328
176	7.86
177	7.536
178	9.264
179	8.472
180	7.86
181	8.472
182	10.536
183	10.32
184	10.248
185	10.068
186	8.7
187	8.808
188	10.428
189	8.832
190	10.212
191	9.276
192	9.42
193	9.888
194	9.96
195	9.528
196	9.852
197	10.284
198	12.076
199	10.176
200	10.572
201	8.952
202	8.88
203	9.132
204	8.232
205	10.14
206	9.636
207	9.672
208	9.204
209	9.6
210	9.06
211	10.176
212	7.084
213	8.956
214	7.084
215	7.012
216	7.408
217	8.488
218	8.776
219	8.848
220	7.372
221	7.48
222	8.976
223	7.408
224	8.596
225	8.452
226	8.78
227	8.164
228	8.56
229	8.74
230	8.2
231	7.372
232	7.768
233	7.876
234	8.524
235	7.588
236	14.256
237	8.632
238	7.516
239	8.344
240	7.372
241	6.616
242	8.164
243	5.9
244	5.972
245	6.18
246	6.476
247	5.9
248	7.052
249	5.576
250	5.612
251	6.512
252	6.512
253	6.008
254	7.124
255	5.524
256	5.936
257	5.288
258	7.268
259	6.044
260	6.512
261	6.224
262	5.612
263	5.18
264	5.504
265	6.044
266	5.468
267	5.468
268	5.504
269	6.656
270	6.62
271	7.304
272	5.54
273	10.38
274	5.936
275	11.564
276	4.72
277	4.828
278	5.656
279	5.62
280	5.62
281	5.148
282	4.9
283	5.372
284	4.972
285	5.26
286	5.656
287	4.576
288	4.612
289	5.764
290	6.648
291	5.008
292	4.936
293	4.936
294	4.216
295	4.468
296	4.792
297	5.872
298	5.8
299	5.404
300	4.468
301	9.68
302	5.908
303	6.316
304	5.588
305	5.512
306	4.648
307	3.268
308	3.952
309	4.528
310	3.88
311	3.7
312	3.268
313	3.304
314	3.592
315	4.724
316	4.06
317	4.528
318	3.376
319	4.744
320	3.808
321	4.316
322	4.384
323	4.6
324	3.772
325	5.316
326	4.54
327	3.196
328	3.34
329	3.016
330	4.06
331	4.096
332	4.616
333	3.088
334	4.24
335	4.132
336	2.48
337	3.848
338	2.372
339	1.868
340	2.768
341	3.2
342	2.264
343	5.828
344	2.012
345	2.588
346	2.228
347	4.028
348	2.552
349	2.468
350	3.452
351	5.828
352	2.588
353	3.308
354	2.84
355	5.072
356	2.76
357	2.264
358	2.012
359	5.544
360	1.796
361	4.892
362	3.9
363	3.416
364	3.872
365	2.012