113.0	1.0
328.0	2.6296296296296333
320.0	3.037037037037038
99.0	3.851851851851862
312.0	4.259259259259267
306.0	4.259259259259267
307.0	4.666666666666671
313.0	5.074074074074076
330.0	5.8888888888889
36.0	6.296296296296305
339.0	6.296296296296305
311.0	6.296296296296305
98.0	6.296296296296305
274.0	6.296296296296305
319.0	6.7037037037037095
326.0	6.7037037037037095
293.0	7.111111111111114
309.0	7.111111111111114
329.0	7.925925925925938
327.0	7.925925925925938
292.0	8.333333333333343
9.0	8.333333333333343
333.0	8.740740740740748
294.0	8.740740740740748
286.0	8.740740740740748
325.0	8.740740740740748
11.0	9.148148148148152
282.0	9.148148148148152
332.0	9.148148148148152
97.0	9.555555555555557
358.0	9.555555555555557
232.0	9.555555555555557
321.0	9.555555555555557
323.0	9.962962962962962
103.0	9.962962962962962
317.0	10.370370370370381
353.0	10.370370370370381
331.0	10.777777777777786
290.0	10.777777777777786
357.0	11.592592592592595
324.0	11.592592592592595
254.0	11.592592592592595
303.0	12.0
94.0	12.0
277.0	12.0
302.0	12.0
299.0	12.814814814814824
334.0	12.814814814814824
301.0	12.814814814814824
267.0	12.814814814814824
8.0	12.814814814814824
112.0	13.222222222222229
308.0	13.222222222222229
297.0	13.222222222222229
285.0	13.222222222222229
304.0	13.629629629629633
101.0	13.629629629629633
251.0	14.037037037037038
291.0	14.037037037037038
269.0	14.037037037037038
258.0	14.037037037037038
298.0	14.037037037037038
93.0	14.444444444444443
48.0	14.444444444444443
314.0	14.851851851851862
10.0	14.851851851851862
322.0	14.851851851851862
361.0	15.259259259259267
47.0	15.259259259259267
37.0	15.259259259259267
280.0	15.259259259259267
310.0	15.259259259259267
111.0	15.259259259259267
362.0	15.259259259259267
28.0	15.666666666666671
348.0	15.666666666666671
276.0	15.666666666666671
365.0	16.074074074074076
289.0	16.074074074074076
85.0	16.074074074074076
347.0	16.48148148148148
305.0	16.48148148148148
52.0	16.48148148148148
296.0	16.48148148148148
360.0	16.48148148148148
318.0	16.8888888888889
337.0	16.8888888888889
64.0	16.8888888888889
27.0	16.8888888888889
121.0	16.8888888888889
114.0	16.8888888888889
255.0	16.8888888888889
288.0	17.296296296296305
338.0	17.296296296296305
29.0	17.296296296296305
109.0	17.296296296296305
275.0	17.70370370370371
12.0	17.70370370370371
284.0	17.70370370370371
342.0	17.70370370370371
137.0	18.111111111111114
264.0	18.111111111111114
77.0	18.111111111111114
349.0	18.51851851851852
343.0	18.51851851851852
86.0	18.51851851851852
273.0	18.51851851851852
281.0	18.51851851851852
364.0	18.51851851851852
278.0	18.51851851851852
26.0	18.51851851851852
335.0	18.925925925925924
123.0	18.925925925925924
108.0	18.925925925925924
295.0	18.925925925925924
356.0	18.925925925925924
84.0	19.333333333333343
265.0	19.333333333333343
260.0	19.333333333333343
91.0	19.333333333333343
253.0	19.740740740740748
75.0	19.740740740740748
35.0	19.740740740740748
344.0	19.740740740740748
263.0	20.148148148148152
266.0	20.148148148148152
34.0	20.148148148148152
244.0	20.148148148148152
340.0	20.148148148148152
95.0	20.148148148148152
22.0	20.555555555555557
2.0	20.555555555555557
300.0	20.962962962962962
31.0	20.962962962962962
60.0	20.962962962962962
76.0	20.962962962962962
234.0	20.962962962962962
122.0	20.962962962962962
71.0	21.37037037037038
70.0	21.37037037037038
115.0	21.37037037037038
72.0	21.37037037037038
73.0	21.37037037037038
287.0	21.37037037037038
363.0	21.777777777777786
30.0	21.777777777777786
230.0	21.777777777777786
316.0	22.18518518518519
3.0	22.18518518518519
69.0	22.592592592592595
57.0	22.592592592592595
43.0	22.592592592592595
279.0	22.592592592592595
346.0	23.0
54.0	23.0
80.0	23.0
68.0	23.0
107.0	23.407407407407405
268.0	23.407407407407405
7.0	23.407407407407405
355.0	23.407407407407405
55.0	23.407407407407405
56.0	23.407407407407405
315.0	23.407407407407405
1.0	23.814814814814824
350.0	23.814814814814824
78.0	23.814814814814824
50.0	23.814814814814824
19.0	24.22222222222223
283.0	24.22222222222223
100.0	24.22222222222223
92.0	24.629629629629633
62.0	24.629629629629633
74.0	24.629629629629633
351.0	24.629629629629633
256.0	24.629629629629633
32.0	24.629629629629633
271.0	25.037037037037038
90.0	25.037037037037038
257.0	25.037037037037038
352.0	25.037037037037038
40.0	25.444444444444443
345.0	25.444444444444443
209.0	25.444444444444443
336.0	25.444444444444443
42.0	25.851851851851862
359.0	25.851851851851862
44.0	25.851851851851862
21.0	25.851851851851862
4.0	25.851851851851862
87.0	26.259259259259267
51.0	26.259259259259267
354.0	26.259259259259267
105.0	26.66666666666667
6.0	26.66666666666667
141.0	27.48148148148148
33.0	27.48148148148148
38.0	27.48148148148148
132.0	27.8888888888889
233.0	27.8888888888889
242.0	27.8888888888889
240.0	28.296296296296305
259.0	28.296296296296305
83.0	28.296296296296305
147.0	28.296296296296305
39.0	28.70370370370371
88.0	28.70370370370371
67.0	28.70370370370371
241.0	29.111111111111114
272.0	29.111111111111114
23.0	29.51851851851852
66.0	29.51851851851852
125.0	29.51851851851852
145.0	29.51851851851852
246.0	29.51851851851852
24.0	29.925925925925924
25.0	29.925925925925924
5.0	29.925925925925924
188.0	30.740740740740748
102.0	30.740740740740748
217.0	31.148148148148152
235.0	31.148148148148152
117.0	31.148148148148152
214.0	31.148148148148152
82.0	31.555555555555557
142.0	31.555555555555557
341.0	31.962962962962962
16.0	33.18518518518519
58.0	33.18518518518519
49.0	33.18518518518519
116.0	33.592592592592595
89.0	33.592592592592595
20.0	33.592592592592595
59.0	33.592592592592595
65.0	34.0
79.0	34.0
127.0	34.407407407407405
124.0	35.22222222222223
106.0	35.22222222222223
243.0	35.62962962962963
134.0	35.62962962962963
63.0	35.62962962962963
131.0	35.62962962962963
250.0	36.03703703703704
119.0	36.03703703703704
45.0	36.03703703703704
126.0	36.03703703703704
46.0	36.44444444444445
144.0	36.851851851851855
61.0	37.25925925925926
13.0	37.66666666666667
223.0	37.66666666666667
53.0	37.66666666666667
211.0	38.074074074074076
18.0	38.074074074074076
41.0	38.074074074074076
213.0	38.48148148148149
128.0	38.88888888888889
177.0	38.88888888888889
262.0	39.2962962962963
245.0	39.2962962962963
14.0	39.2962962962963
159.0	40.111111111111114
96.0	40.111111111111114
237.0	41.74074074074074
135.0	41.74074074074074
219.0	41.74074074074074
204.0	42.55555555555556
270.0	42.55555555555556
17.0	42.55555555555556
104.0	42.55555555555556
148.0	42.96296296296297
15.0	43.370370370370374
129.0	45.0
247.0	45.0
210.0	45.0
222.0	45.0
239.0	45.0
158.0	45.40740740740741
216.0	45.40740740740741
248.0	46.22222222222223
225.0	46.62962962962963
249.0	47.03703703703704
139.0	47.03703703703704
130.0	47.03703703703704
215.0	47.44444444444445
236.0	47.851851851851855
229.0	48.25925925925926
207.0	48.25925925925926
226.0	48.66666666666667
152.0	48.66666666666667
110.0	48.66666666666667
189.0	48.66666666666667
185.0	49.074074074074076
231.0	49.48148148148148
190.0	49.48148148148148
191.0	49.48148148148148
118.0	49.88888888888889
238.0	49.88888888888889
174.0	50.2962962962963
197.0	50.70370370370371
164.0	50.70370370370371
136.0	50.70370370370371
120.0	50.70370370370371
151.0	51.51851851851852
172.0	51.51851851851852
163.0	51.92592592592593
192.0	51.92592592592593
140.0	51.92592592592593
138.0	51.92592592592593
212.0	52.333333333333336
261.0	52.333333333333336
228.0	52.333333333333336
180.0	52.74074074074074
195.0	52.74074074074074
154.0	53.55555555555556
165.0	55.592592592592595
173.0	56.0
205.0	56.81481481481482
252.0	57.62962962962963
206.0	57.62962962962963
155.0	58.851851851851855
167.0	58.851851851851855
146.0	59.25925925925926
184.0	59.66666666666667
162.0	60.48148148148148
133.0	60.88888888888889
179.0	60.88888888888889
183.0	60.88888888888889
218.0	60.88888888888889
178.0	61.2962962962963
208.0	62.111111111111114
220.0	62.51851851851852
153.0	64.96296296296296
176.0	65.37037037037038
161.0	65.77777777777777
181.0	66.5925925925926
149.0	66.5925925925926
202.0	67.40740740740742
199.0	67.81481481481481
166.0	68.22222222222223
170.0	68.62962962962963
143.0	69.44444444444444
157.0	69.85185185185185
194.0	70.66666666666667
187.0	70.66666666666667
182.0	71.07407407407408
168.0	73.51851851851852
198.0	74.33333333333334
227.0	75.55555555555556
201.0	76.37037037037037
156.0	76.37037037037037
203.0	76.77777777777777
171.0	77.5925925925926
196.0	80.85185185185185
169.0	82.07407407407408
160.0	82.48148148148148
81.0	83.70370370370371
193.0	84.11111111111111
186.0	84.51851851851852
175.0	85.74074074074075
150.0	86.96296296296296
224.0	93.48148148148148
200.0	95.51851851851852
221.0	100.0
